101429565
101429665
101429765
101429865
101429965
101430065
101430165
101430265
101430365
101430465
101430565
101430665
101430765
101430865
101430965
101431064
101431164
101431265
101431365
101431465
101431565
101431664
101431765
101431864
101431965
101432064
101432165
101432265
101432365
101432465
101432565
101432664
101432765
101432864
101432965
101433065
101433165
101433265
101433365
101433465
101433565
101433664
101433765
101433864
101433964
101434064
101434164
101434264
101434365
101434465
101434564
101434664
101434764
101434864
101434964
101435064
101435164
101435265
101435365
101435465
101435565
101435665
101435765
101435865
101435964
101436064
101436164
101436264
101436364
101436464
101436564
101436664
101436764
101436864
101436964
101437064
101437164
101437264
101437365
101437464
101437564
101437664
101437764
101437864
101437964
101438064
101438164
101438265
101438365
101438465
101438565
101438665
101438765
101438865
101438964
101439064
101439165
101439264
101439365
101439464
101439564
101439665
101439764
101439864
101439965
101440064
101440165
101440265
101440365
101440464
101440565
101440664
101440764
101440864
101440964
101441064
101441165
101441264
101441364
101441464
101441564
101441665
101441764
101441864
101441965
101442064
101442165
101442265
101442364
101442464
101442565
101442664
101442764
101442864
101442965
101443065
101443164
101443264
101443365
101443465
101443564
101443664
101443765
101443865
101443964
101444064
101444164
101444264
101444365
101444464
101444564
101444664
101444765
101444864
101444964
101445065
101445164
101445264
101445364
101445464
101445565
101445664
101445764
101445864
101445964
101446064
101446164
101446264
101446364
101446464
101446564
101446664
101446765
101446864
101446964
101447065
101447164
101447264
101447364
101447464
101447564
101447664
101447765
101447865
101447964
101448064
101448164
101448264
101448364
101448464
101448564
101448664
101448765
101448865
101448964
101449065
101449164
101449264
101449364
101449464
101449564
101449665
101449764
101449864
101449964
101450064
101450164
101450264
101450365
101450464
101450564
101450665
101450764
101450864
101450964
101451065
101451165
101451264
101451364
101451464
101451564
101451664
101451764
101451864
101451965
101452065
101452164
101452264
101452364
101452464
101452564
101452665
101452764
101452864
101452964
101453064
101453164
101453264
101453364
101453465
101453565
101453664
101453764
101453864
101453964
101454064
101454164
101454264
101454364
101454464
101454564
101454664
101454764
101454865
101454964
101455065
101455164
101455264
101455364
101455465
101455564
101455664
101455764
101455864
101455964
101456064
101456165
101456264
101456364
101456464
101456564
101456664
101456764
101456864
101456964
101457064
101457164
101457264
101457364
101457464
101457564
101457664
101457764
101457864
101457965
101458064
101458164
101458264
101458364
101458464
101458564
101458664
101458764
101458864
101458964
101459064
101459164
101459264
101459364
101459464
101459564
101459664
101459764
101459864
101459964
101500065
101500165
101500264
101500364
101500464
101500564
101500664
101500764
101500864
101500964
101501064
101501165
101501264
101501364
101501465
101501565
101501664
101501764
101501864
101501964
101502064
101502164
101502264
101502364
101502464
101502563
101502664
101502764
101502864
101502965
101503064
101503164
101503264
101503364
101503464
101503564
101503664
101503764
101503864
101503964
101504064
101504164
101504263
101504365
101504464
101504565
101504665
101504764
101504864
101504964
101505064
101505164
101505264
101505364
101505464
101505564
101505664
101505764
101505864
101505965
101506065
101506165
101506264
101506364
101506464
101506563
101506664
101506764
101506864
101506964
101507065
101507164
101507264
101507364
101507464
101507564
101507664
101507765
101507864
101507964
101508064
101508164
101508264
101508364
101508465
101508564
101508664
101508764
101508864
101508963
101509065
101509165
101509265
101509364
101509464
101509564
101509664
101509764
101509864
101509964
101510064
101510164
101510264
101510364
101510464
101510564
101510664
101510764
101510864
101510964
101511064
101511164
101511264
101511364
101511463
101511565
101511664
101511764
101511864
101511963
101512063
101512164
101512264
101512364
101512464
101512564
101512664
101512764
101512864
101512964
101513063
101513164
101513264
101513364
101513464
101513564
101513664
101513764
101513865
101513964
101514064
101514164
101514263
101514363
101514464
101514564
101514664
101514764
101514864
101514964
101515064
101515164
101515264
101515364
101515465
101515564
101515664
101515764
101515864
101515964
101516063
101516164
101516264
101516364
101516464
101516564
101516664
101516764
101516864
101516964
101517064
101517163
101517265
101517364
101517464
101517564
101517665
101517764
101517864
101517964
101518064
101518164
101518264
101518364
101518463
101518564
101518664
101518763
101518864
101518964
101519064
101519164
101519264
101519364
101519464
101519564
101519664
101519764
101519865
101519964
101520064
101520164
101520263
101520364
101520464
101520564
101520664
101520764
101520864
101520964
101521063
101521164
101521263
101521363
101521464
101521564
101521664
101521764
101521863
101521964
101522064
101522163
101522264
101522364
101522464
101522564
101522664
101522764
101522863
101522963
101523064
101523164
101523264
101523364
101523463
101523564
101523665
101523763
101523864
101523964
101524063
101524164
101524264
101524364
101524464
101524564
101524664
101524763
101524864
101524964
101525064
101525164
101525264
101525364
101525464
101525564
101525664
101525764
101525864
101525964
101526063
101526164
101526264
101526364
101526464
101526564
101526664
101526763
101526864
101526964
101527064
101527164
101527264
101527364
101527464
101527564
101527664
101527764
101527864
101527964
101528064
101528164
101528264
101528364
101528463
101528564
101528664
101528764
101528863
101528964
101529064
101529164
101529264
101529364
101529464
101529564
101529664
101529765
101529864
101529964
101530064
101530164
101530264
101530364
101530464
101530564
101530663
101530764
101530864
101530964
101531063
101531163
101531264
101531364
101531463
101531564
101531664
101531764
101531864
101531963
101532064
101532164
101532264
101532363
101532464
101532563
101532664
101532764
101532864
101532963
101533063
101533163
101533263
101533364
101533464
101533563
101533663
101533764
101533864
101533964
101534064
101534164
101534264
101534364
101534464
101534564
101534664
101534764
101534864
101534964
101535063
101535164
101535264
101535364
101535464
101535564
101535664
101535764
101535864
101535963
101536064
101536164
101536264
101536364
101536464
101536564
101536663
101536764
101536864
101536964
101537064
101537163
101537264
101537363
101537463
101537564
101537664
101537764
101537863
101537964
101538064
101538164
101538264
101538364
101538464
101538564
101538664
101538763
101538864
101538963
101539064
101539164
101539264
101539364
101539464
101539563
101539664
101539764
101539864
101539964
101540064
101540163
101540263
101540363
101540464
101540564
101540664
101540764
101540863
101540964
101541064
101541164
101541264
101541364
101541463
